experiments:

 - test: test_0
 start:
 object_xyz_wxyz: 3.690000 8.400000 1.083000 0.769288 0.062181 0.075768 -0.631339
 base_xyzyaw: 3.000000 8.780000 0.240000 0.000000
 rarm: -0.331940 0.278169 -0.264353 -0.790872 2.184866 -1.390795 -2.117580
 larm: 0.038946 1.214670 1.396356 -1.197227 -4.616317 -0.988727 1.175568
 goal:
 object_xyz_wxyz: 0.890000 11.400000 1.283000 0.769288 0.062181 0.075768 -0.631339
 base_xyzyaw: 1.540000 11.460000 0.180000 3.141593
 rarm: 0.371950 -0.278677 0.206082 -0.363613 2.073075 -1.446852 -2.408052
 larm: 0.038946 1.214670 1.396356 -1.197227 -4.616317 -0.988727 1.175568

 - test: test_1
 start:
 object_xyz_wxyz: 8.417094 6.770469 0.683000 -0.592262 -0.349282 -0.316571 0.653461
 base_xyzyaw: 8.560000 7.220000 0.240000 4.319690
 rarm: -0.110800 0.895623 -1.294126 -1.168173 -2.929996 -0.997033 -2.276239
 larm: 0.038946 1.214670 1.396356 -1.197227 -4.616317 -0.988727 1.175568
 goal:
 object_xyz_wxyz: 10.131508 8.510086 0.863000 -0.592262 -0.349282 -0.316571 0.653461
 base_xyzyaw: 10.280000 8.800000 0.060000 3.926991
 rarm: 0.007777 -0.161378 -1.717476 -2.026181 -1.604579 -1.528062 -0.622759
 larm: 0.038946 1.214670 1.396356 -1.197227 -4.616317 -0.988727 1.175568

 - test: test_2
 start:
 object_xyz_wxyz: 7.592513 1.228909 0.623000 0.316797 -0.607082 0.287128 0.669812
 base_xyzyaw: 7.840000 0.840000 0.120000 2.356194
 rarm: 0.488929 1.278051 0.511606 -1.577989 2.989287 -1.734251 -3.087115
 larm: 0.038946 1.214670 1.396356 -1.197227 -4.616317 -0.988727 1.175568
 goal:
 object_xyz_wxyz: 6.480000 6.950000 0.683000 0.316797 -0.607082 0.287128 0.669812
 base_xyzyaw: 7.040000 7.380000 0.260000 4.712389
 rarm: -0.995399 0.965172 -0.858926 -0.968516 2.319261 -0.572711 -1.734758
 larm: 0.038946 1.214670 1.396356 -1.197227 -4.616317 -0.988727 1.175568

 - test: test_3
 start:
 object_xyz_wxyz: 7.841066 7.011256 1.023000 -0.713175 -0.285620 -0.427461 0.476528
 base_xyzyaw: 7.240000 7.520000 0.280000 5.890486
 rarm: -0.224765 0.054659 -1.742541 -0.415311 -1.867672 -1.193499 -2.060335
 larm: 0.038946 1.214670 1.396356 -1.197227 -4.616317 -0.988727 1.175568
 goal:
 object_xyz_wxyz: 8.140000 7.710000 0.463000 -0.713175 -0.285620 -0.427461 0.476528
 base_xyzyaw: 7.760000 7.340000 0.120000 1.570796
 rarm: -1.114525 1.140946 -1.427157 -1.169367 2.411605 -0.793515 -1.619068
 larm: 0.038946 1.214670 1.396356 -1.197227 -4.616317 -0.988727 1.175568

 - test: test_4
 start:
 object_xyz_wxyz: 7.140097 1.286111 0.683000 0.419340 0.176360 0.083412 -0.886619
 base_xyzyaw: 7.160000 1.700000 0.260000 4.319690
 rarm: 0.404232 0.224618 -2.702892 -1.229992 -2.442896 -1.364383 -0.414151
 larm: 0.038946 1.214670 1.396356 -1.197227 -4.616317 -0.988727 1.175568
 goal:
 object_xyz_wxyz: 8.301802 12.572757 0.643000 0.419340 0.176360 0.083412 -0.886619
 base_xyzyaw: 8.620000 12.000000 0.120000 2.356194
 rarm: 0.172598 0.830843 0.437077 -0.929781 2.896125 -1.531174 2.673302
 larm: 0.038946 1.214670 1.396356 -1.197227 -4.616317 -0.988727 1.175568

 - test: test_5
 start:
 object_xyz_wxyz: 3.390000 1.560000 0.703000 0.733291 0.261894 0.489969 -0.391952
 base_xyzyaw: 2.760000 1.760000 0.280000 0.000000
 rarm: -0.212279 0.735757 -0.925529 -0.538555 -2.870852 -1.111010 -1.754066
 larm: 0.038946 1.214670 1.396356 -1.197227 -4.616317 -0.988727 1.175568
 goal:
 object_xyz_wxyz: 7.339234 10.406196 0.743000 0.733291 0.261894 0.489969 -0.391952
 base_xyzyaw: 7.360000 11.140000 0.280000 5.105088
 rarm: -0.235988 0.417828 -2.332065 -0.258663 0.978893 -0.961273 0.915209
 larm: 0.038946 1.214670 1.396356 -1.197227 -4.616317 -0.988727 1.175568

 - test: test_6
 start:
 object_xyz_wxyz: 2.570000 7.420000 0.663000 -0.504224 -0.167335 -0.100296 0.841248
 base_xyzyaw: 3.120000 7.480000 0.260000 3.141593
 rarm: 0.552690 0.895241 0.543616 -0.676216 -2.196343 -0.826577 1.549509
 larm: 0.038946 1.214670 1.396356 -1.197227 -4.616317 -0.988727 1.175568
 goal:
 object_xyz_wxyz: 1.630503 2.823812 1.003000 -0.504224 -0.167335 -0.100296 0.841248
 base_xyzyaw: 1.680000 3.340000 0.180000 5.497787
 rarm: -1.178891 -0.311216 -1.770811 -2.108439 -1.480043 -1.300256 -0.971113
 larm: 0.038946 1.214670 1.396356 -1.197227 -4.616317 -0.988727 1.175568

 - test: test_7
 start:
 object_xyz_wxyz: 1.670330 6.922807 1.183000 -0.989177 0.000000 0.000000 0.146730
 base_xyzyaw: 1.140000 7.340000 0.200000 5.497787
 rarm: 0.363220 -0.009478 0.030460 -0.571913 -2.913918 -0.597396 2.921615
 larm: 0.038946 1.214670 1.396356 -1.197227 -4.616317 -0.988727 1.175568
 goal:
 object_xyz_wxyz: 3.885867 11.604963 0.443000 -0.989177 0.000000 0.000000 0.146730
 base_xyzyaw: 3.720000 11.100000 0.100000 1.178097
 rarm: 0.358730 0.488983 -3.080204 -0.524203 0.196511 -0.420333 2.213591
 larm: 0.038946 1.214670 1.396356 -1.197227 -4.616317 -0.988727 1.175568

 - test: test_8
 start:
 object_xyz_wxyz: 5.010000 7.380000 0.983000 -0.902900 -0.020979 -0.427040 0.044357
 base_xyzyaw: 4.540000 7.400000 0.180000 0.000000
 rarm: 0.183937 0.756234 -0.227028 -1.817883 2.987691 -1.996451 -2.758354
 larm: 0.038946 1.214670 1.396356 -1.197227 -4.616317 -0.988727 1.175568
 goal:
 object_xyz_wxyz: 7.440891 8.113177 1.143000 -0.902900 -0.020979 -0.427040 0.044357
 base_xyzyaw: 7.120000 7.320000 0.180000 1.963495
 rarm: -0.694774 -0.064396 -0.738428 -0.512971 -2.123162 -1.908259 2.103688
 larm: 0.038946 1.214670 1.396356 -1.197227 -4.616317 -0.988727 1.175568

 - test: test_9
 start:
 object_xyz_wxyz: 2.480000 9.530000 0.963000 0.241363 -0.531648 0.161274 0.795667
 base_xyzyaw: 2.200000 8.780000 0.080000 1.570796
 rarm: -0.247409 -0.111398 -1.553085 -0.338953 -1.245860 -1.432674 2.249308
 larm: 0.038946 1.214670 1.396356 -1.197227 -4.616317 -0.988727 1.175568
 goal:
 object_xyz_wxyz: 8.553757 11.505215 0.583000 0.241363 -0.531648 0.161274 0.795667
 base_xyzyaw: 8.840000 11.180000 0.120000 1.963495
 rarm: 0.117821 0.445871 -2.035720 -1.243037 -2.731629 -1.609991 -0.857585
 larm: 0.038946 1.214670 1.396356 -1.197227 -4.616317 -0.988727 1.175568

 - test: test_10
 start:
 object_xyz_wxyz: 2.038874 6.796482 0.883000 0.848445 -0.075435 0.125855 0.508538
 base_xyzyaw: 1.460000 6.600000 0.120000 0.392699
 rarm: -0.191322 -0.192031 -2.043475 -1.245378 -3.052482 -0.251082 -1.222026
 larm: 0.038946 1.214670 1.396356 -1.197227 -4.616317 -0.988727 1.175568
 goal:
 object_xyz_wxyz: 9.370000 11.880000 0.923000 0.848445 -0.075435 0.125855 0.508538
 base_xyzyaw: 8.840000 12.280000 0.100000 0.000000
 rarm: -0.664484 0.515851 -0.637084 -1.527022 -1.646671 -1.693629 2.467223
 larm: 0.038946 1.214670 1.396356 -1.197227 -4.616317 -0.988727 1.175568

 - test: test_11
 start:
 object_xyz_wxyz: 4.201728 2.384427 0.923000 -0.415735 -0.415735 -0.222215 0.777785
 base_xyzyaw: 4.660000 1.740000 0.260000 2.748894
 rarm: -0.560425 0.377664 -1.064085 -0.725397 -1.620088 -1.449863 1.796961
 larm: 0.038946 1.214670 1.396356 -1.197227 -4.616317 -0.988727 1.175568
 goal:
 object_xyz_wxyz: 8.360000 11.230000 0.823000 -0.415735 -0.415735 -0.222215 0.777785
 base_xyzyaw: 8.800000 11.920000 0.060000 4.712389
 rarm: -0.543355 0.197571 -1.071308 -0.633828 2.875910 -1.221547 -1.774845
 larm: 0.038946 1.214670 1.396356 -1.197227 -4.616317 -0.988727 1.175568

 - test: test_12
 start:
 object_xyz_wxyz: 3.490016 0.992536 0.943000 0.965360 -0.023816 0.241810 0.095080
 base_xyzyaw: 3.600000 1.720000 0.240000 5.105088
 rarm: -0.681686 0.173190 -1.584741 -1.056071 -0.664223 -1.017012 1.773650
 larm: 0.038946 1.214670 1.396356 -1.197227 -4.616317 -0.988727 1.175568
 goal:
 object_xyz_wxyz: 9.339627 11.403477 0.903000 0.965360 -0.023816 0.241810 0.095080
 base_xyzyaw: 8.780000 11.960000 0.100000 5.890486
 rarm: -0.224839 -0.252862 -2.780655 -0.607618 -0.171562 -1.186614 1.884736
 larm: 0.038946 1.214670 1.396356 -1.197227 -4.616317 -0.988727 1.175568

 - test: test_13
 start:
 object_xyz_wxyz: 7.281377 1.576649 1.103000 0.000000 0.427555 0.000000 -0.903989
 base_xyzyaw: 7.780000 1.500000 0.180000 2.748894
 rarm: 0.071481 0.110218 -1.006772 -1.431329 -2.359679 -1.680093 -2.313735
 larm: 0.038946 1.214670 1.396356 -1.197227 -4.616317 -0.988727 1.175568
 goal:
 object_xyz_wxyz: 6.379478 12.328744 0.983000 0.000000 0.427555 0.000000 -0.903989
 base_xyzyaw: 6.980000 12.080000 0.180000 2.748894
 rarm: 0.465171 0.395404 0.555963 -1.038578 1.785687 -0.773854 -2.483037
 larm: 0.038946 1.214670 1.396356 -1.197227 -4.616317 -0.988727 1.175568

 - test: test_14
 start:
 object_xyz_wxyz: 0.704817 6.262218 0.863000 -0.084072 0.511627 -0.050391 -0.853598
 base_xyzyaw: 1.320000 6.340000 0.140000 3.926991
 rarm: -0.934970 0.232873 -1.543544 -1.622252 -2.292372 -1.647304 -1.508929
 larm: 0.038946 1.214670 1.396356 -1.197227 -4.616317 -0.988727 1.175568
 goal:
 object_xyz_wxyz: 9.301542 12.020882 0.483000 -0.084072 0.511627 -0.050391 -0.853598
 base_xyzyaw: 8.620000 12.020000 0.060000 0.392699
 rarm: -0.312698 0.495280 -1.996699 -0.502067 -2.513256 -0.722290 -1.439901
 larm: 0.038946 1.214670 1.396356 -1.197227 -4.616317 -0.988727 1.175568

 - test: test_15
 start:
 object_xyz_wxyz: 0.930336 6.518682 1.263000 0.143911 0.192979 0.028626 -0.970170
 base_xyzyaw: 1.560000 6.680000 0.180000 4.319690
 rarm: -0.937602 -0.005316 -0.517931 -1.478830 -2.897688 -1.798967 -2.617377
 larm: 0.038946 1.214670 1.396356 -1.197227 -4.616317 -0.988727 1.175568
 goal:
 object_xyz_wxyz: 4.454056 3.940390 0.723000 0.143911 0.192979 0.028626 -0.970170
 base_xyzyaw: 3.900000 4.040000 0.180000 5.890486
 rarm: 0.109021 0.262733 -2.010909 -0.978172 -2.151995 -1.601393 -0.768864
 larm: 0.038946 1.214670 1.396356 -1.197227 -4.616317 -0.988727 1.175568

 - test: test_16
 start:
 object_xyz_wxyz: 8.230184 1.192787 0.663000 -0.560877 -0.270592 -0.200685 0.756255
 base_xyzyaw: 8.460000 1.840000 0.120000 5.105088
 rarm: -0.898653 0.770263 -1.106108 -1.213403 -3.130821 -1.035667 -2.181364
 larm: 0.038946 1.214670 1.396356 -1.197227 -4.616317 -0.988727 1.175568
 goal:
 object_xyz_wxyz: 7.559225 11.868704 0.723000 -0.560877 -0.270592 -0.200685 0.756255
 base_xyzyaw: 6.940000 12.240000 0.180000 0.392699
 rarm: -1.125000 0.795530 -1.062729 -1.227272 -1.469134 -0.948370 1.986536
 larm: 0.038946 1.214670 1.396356 -1.197227 -4.616317 -0.988727 1.175568

 - test: test_17
 start:
 object_xyz_wxyz: 1.140000 7.070000 0.463000 -0.377070 -0.426138 -0.201548 0.797247
 base_xyzyaw: 1.140000 7.500000 0.160000 4.712389
 rarm: 0.034717 0.630896 -2.369719 -0.870691 -2.391754 -0.963969 -0.702112
 larm: 0.038946 1.214670 1.396356 -1.197227 -4.616317 -0.988727 1.175568
 goal:
 object_xyz_wxyz: 1.634600 11.760154 0.883000 -0.377070 -0.426138 -0.201548 0.797247
 base_xyzyaw: 1.340000 11.400000 0.060000 0.392699
 rarm: 0.211102 -0.288709 -1.904122 -1.499212 -1.312216 -1.458871 -0.337489
 larm: 0.038946 1.214670 1.396356 -1.197227 -4.616317 -0.988727 1.175568

 - test: test_18
 start:
 object_xyz_wxyz: 6.129565 5.907381 0.423000 0.735698 -0.264302 0.440961 0.440961
 base_xyzyaw: 5.980000 5.380000 0.100000 1.963495
 rarm: -0.718761 0.621421 -2.299214 -1.000719 -2.587391 -0.819355 -1.062060
 larm: 0.038946 1.214670 1.396356 -1.197227 -4.616317 -0.988727 1.175568
 goal:
 object_xyz_wxyz: 8.291489 11.489232 1.183000 0.735698 -0.264302 0.440961 0.440961
 base_xyzyaw: 8.660000 11.880000 0.120000 3.534292
 rarm: 0.363503 -0.127271 -0.788652 -0.981763 -2.417692 -1.981797 -2.336372
 larm: 0.038946 1.214670 1.396356 -1.197227 -4.616317 -0.988727 1.175568

 - test: test_19
 start:
 object_xyz_wxyz: 2.856189 1.101503 0.783000 -0.768622 -0.172922 -0.570049 0.233159
 base_xyzyaw: 2.840000 1.820000 0.160000 5.105088
 rarm: -0.406047 0.481318 -1.091074 -0.873192 -2.162773 -1.301585 2.884798
 larm: 0.038946 1.214670 1.396356 -1.197227 -4.616317 -0.988727 1.175568
 goal:
 object_xyz_wxyz: 10.410000 8.680000 0.783000 -0.768622 -0.172922 -0.570049 0.233159
 base_xyzyaw: 9.940000 8.680000 0.260000 0.000000
 rarm: 0.484320 1.188072 0.239047 -1.486753 2.269898 -1.426838 -2.082633
 larm: 0.038946 1.214670 1.396356 -1.197227 -4.616317 -0.988727 1.175568

 - test: test_20
 start:
 object_xyz_wxyz: 1.971335 3.820381 1.023000 -0.965360 0.023816 -0.095080 -0.241810
 base_xyzyaw: 1.540000 4.280000 0.140000 5.497787
 rarm: -0.043886 0.238028 -0.749007 -1.129906 -1.597044 -0.904570 2.607338
 larm: 0.038946 1.214670 1.396356 -1.197227 -4.616317 -0.988727 1.175568
 goal:
 object_xyz_wxyz: 9.650000 11.820000 0.603000 -0.965360 0.023816 -0.095080 -0.241810
 base_xyzyaw: 9.060000 12.160000 0.100000 0.000000
 rarm: -0.383702 0.910588 -0.374817 -0.996106 -3.123488 -0.858555 -2.844694
 larm: 0.038946 1.214670 1.396356 -1.197227 -4.616317 -0.988727 1.175568

 - test: test_21
 start:
 object_xyz_wxyz: 5.930000 7.680000 0.563000 -0.288960 0.484050 -0.173196 -0.807589
 base_xyzyaw: 6.420000 7.120000 0.120000 3.141593
 rarm: -0.451542 0.907869 0.439882 -0.810863 2.921115 -0.942054 3.041971
 larm: 0.038946 1.214670 1.396356 -1.197227 -4.616317 -0.988727 1.175568
 goal:
 object_xyz_wxyz: 9.041912 11.705858 0.783000 -0.288960 0.484050 -0.173196 -0.807589
 base_xyzyaw: 8.900000 11.160000 0.240000 1.963495
 rarm: -0.547818 1.222071 -0.419819 -1.623533 2.929794 -1.239223 -2.656054
 larm: 0.038946 1.214670 1.396356 -1.197227 -4.616317 -0.988727 1.175568

 - test: test_22
 start:
 object_xyz_wxyz: 7.570000 1.560000 0.943000 -0.853598 0.050391 -0.084072 -0.511627
 base_xyzyaw: 6.880000 2.080000 0.160000 0.000000
 rarm: -0.492373 0.148234 -0.593064 -0.324778 -1.199243 -1.420498 1.727090
 larm: 0.038946 1.214670 1.396356 -1.197227 -4.616317 -0.988727 1.175568
 goal:
 object_xyz_wxyz: 9.650000 12.160000 0.943000 -0.853598 0.050391 -0.084072 -0.511627
 base_xyzyaw: 9.020000 11.940000 0.240000 0.000000
 rarm: 0.383814 0.035882 -2.118394 -0.468215 -2.469755 -1.042250 -1.424529
 larm: 0.038946 1.214670 1.396356 -1.197227 -4.616317 -0.988727 1.175568

 - test: test_23
 start:
 object_xyz_wxyz: 7.670000 1.960000 0.763000 0.402562 0.304545 0.144039 -0.851146
 base_xyzyaw: 8.180000 1.480000 0.180000 3.141593
 rarm: -0.328372 0.940484 0.315147 -1.297253 -2.433560 -1.747556 1.850046
 larm: 0.038946 1.214670 1.396356 -1.197227 -4.616317 -0.988727 1.175568
 goal:
 object_xyz_wxyz: 6.519964 12.231924 0.423000 0.402562 0.304545 0.144039 -0.851146
 base_xyzyaw: 7.220000 12.140000 0.080000 3.926991
 rarm: -0.809109 0.990707 -0.498526 -0.631673 -2.425537 -1.166612 1.492761
 larm: 0.038946 1.214670 1.396356 -1.197227 -4.616317 -0.988727 1.175568

 - test: test_24
 start:
 object_xyz_wxyz: 7.568822 1.565375 1.123000 -0.288960 -0.484050 -0.173196 0.807589
 base_xyzyaw: 8.300000 1.760000 0.300000 3.534292
 rarm: 0.140368 0.156108 0.189464 -0.422542 3.060209 -1.351606 2.909755
 larm: 0.038946 1.214670 1.396356 -1.197227 -4.616317 -0.988727 1.175568
 goal:
 object_xyz_wxyz: 1.735336 9.008528 0.623000 -0.288960 -0.484050 -0.173196 0.807589
 base_xyzyaw: 1.400000 9.400000 0.140000 5.105088
 rarm: 0.335810 0.171579 -2.553234 -1.007339 -1.616131 -0.370377 -2.161136
 larm: 0.038946 1.214670 1.396356 -1.197227 -4.616317 -0.988727 1.175568

 - test: test_25
 start:
 object_xyz_wxyz: 7.870000 2.360000 1.403000 0.830368 -0.158809 0.297110 0.443841
 base_xyzyaw: 7.500000 2.460000 0.280000 0.000000
 rarm: -0.320172 -0.281279 -0.748588 -1.729913 -1.594714 -1.555465 -2.596008
 larm: 0.038946 1.214670 1.396356 -1.197227 -4.616317 -0.988727 1.175568
 goal:
 object_xyz_wxyz: 4.246899 2.041213 0.423000 0.830368 -0.158809 0.297110 0.443841
 base_xyzyaw: 3.660000 2.020000 0.060000 0.785398
 rarm: -0.736330 0.430682 -2.525937 -1.100809 -2.327896 -0.806325 -0.787584
 larm: 0.038946 1.214670 1.396356 -1.197227 -4.616317 -0.988727 1.175568

 - test: test_26
 start:
 object_xyz_wxyz: 8.860381 8.992929 0.303000 -0.097545 0.097545 -0.009607 -0.990393
 base_xyzyaw: 9.320000 9.000000 0.080000 3.926991
 rarm: -0.516776 0.732235 -2.838902 -0.867592 -2.848017 -1.485836 -0.202727
 larm: 0.038946 1.214670 1.396356 -1.197227 -4.616317 -0.988727 1.175568
 goal:
 object_xyz_wxyz: 4.666066 1.258543 0.763000 -0.097545 0.097545 -0.009607 -0.990393
 base_xyzyaw: 4.560000 2.100000 0.140000 5.497787
 rarm: -0.465979 0.154842 -2.779819 -0.238965 1.435194 -1.012793 1.121345
 larm: 0.038946 1.214670 1.396356 -1.197227 -4.616317 -0.988727 1.175568

 - test: test_27
 start:
 object_xyz_wxyz: 7.935537 2.232166 0.743000 0.597545 -0.402455 0.490393 0.490393
 base_xyzyaw: 7.500000 2.160000 0.200000 0.392699
 rarm: -0.521221 0.619315 -1.739061 -1.655733 -2.251843 -1.293273 -2.897811
 larm: 0.038946 1.214670 1.396356 -1.197227 -4.616317 -0.988727 1.175568
 goal:
 object_xyz_wxyz: 9.363399 6.193186 0.603000 0.597545 -0.402455 0.490393 0.490393
 base_xyzyaw: 8.680000 6.040000 0.060000 0.392699
 rarm: 0.007800 0.613771 -0.378757 -0.551836 2.579727 -0.886208 -1.984684
 larm: 0.038946 1.214670 1.396356 -1.197227 -4.616317 -0.988727 1.175568

 - test: test_28
 start:
 object_xyz_wxyz: 6.722094 7.222715 0.563000 -0.727823 0.213721 -0.597309 -0.260419
 base_xyzyaw: 6.160000 7.120000 0.200000 1.178097
 rarm: -0.840046 0.326192 -2.903945 -1.319406 -2.644808 -0.298190 -0.937624
 larm: 0.038946 1.214670 1.396356 -1.197227 -4.616317 -0.988727 1.175568
 goal:
 object_xyz_wxyz: 9.110000 12.120000 0.863000 -0.727823 0.213721 -0.597309 -0.260419
 base_xyzyaw: 8.480000 12.240000 0.220000 0.000000
 rarm: 0.292023 0.730969 0.462670 -1.147755 -2.596710 -0.967501 2.255124
 larm: 0.038946 1.214670 1.396356 -1.197227 -4.616317 -0.988727 1.175568

 - test: test_29
 start:
 object_xyz_wxyz: 8.480000 7.550000 0.963000 -0.490393 0.490393 -0.402455 -0.597545
 base_xyzyaw: 8.220000 7.080000 0.100000 1.570796
 rarm: -0.708685 0.205161 -1.146045 -1.815392 -1.836084 -1.891704 -2.360047
 larm: 0.038946 1.214670 1.396356 -1.197227 -4.616317 -0.988727 1.175568
 goal:
 object_xyz_wxyz: 5.100000 1.830000 0.923000 -0.490393 0.490393 -0.402455 -0.597545
 base_xyzyaw: 4.580000 1.320000 0.160000 1.570796
 rarm: -0.386183 0.658678 0.310404 -1.400103 2.504864 -1.745998 -2.693961
 larm: 0.038946 1.214670 1.396356 -1.197227 -4.616317 -0.988727 1.175568

 - test: test_30
 start:
 object_xyz_wxyz: 7.502079 2.925565 0.863000 -0.733291 0.261894 -0.391952 -0.489969
 base_xyzyaw: 7.220000 2.300000 0.140000 1.963495
 rarm: -1.073004 -0.019688 -1.850071 -1.506042 -2.140391 -1.141602 -1.714312
 larm: 0.038946 1.214670 1.396356 -1.197227 -4.616317 -0.988727 1.175568
 goal:
 object_xyz_wxyz: 9.250000 12.180000 0.743000 -0.733291 0.261894 -0.391952 -0.489969
 base_xyzyaw: 9.900000 12.180000 0.100000 3.141593
 rarm: -0.003718 -0.010672 -2.288467 -0.907858 -1.799447 -1.426209 -0.945006
 larm: 0.038946 1.214670 1.396356 -1.197227 -4.616317 -0.988727 1.175568

 - test: test_31
 start:
 object_xyz_wxyz: 3.679753 7.583017 0.463000 -0.959532 0.035653 -0.240350 -0.142333
 base_xyzyaw: 3.340000 8.200000 0.100000 5.890486
 rarm: -0.541494 0.553001 -2.330696 -0.412565 0.661221 -0.696946 0.893551
 larm: 0.038946 1.214670 1.396356 -1.197227 -4.616317 -0.988727 1.175568
 goal:
 object_xyz_wxyz: 8.431832 5.665050 0.683000 -0.959532 0.035653 -0.240350 -0.142333
 base_xyzyaw: 8.640000 6.260000 0.180000 5.105088
 rarm: -0.484248 -0.028679 -3.024807 -1.384601 -2.456689 -0.561735 -0.361371
 larm: 0.038946 1.214670 1.396356 -1.197227 -4.616317 -0.988727 1.175568

 - test: test_32
 start:
 object_xyz_wxyz: 7.646530 1.360724 1.123000 -0.122002 0.549557 -0.081519 -0.822470
 base_xyzyaw: 8.360000 1.180000 0.260000 3.534292
 rarm: -0.815731 -0.038391 -1.435562 -1.174030 -1.926031 -1.509696 -2.108110
 larm: 0.038946 1.214670 1.396356 -1.197227 -4.616317 -0.988727 1.175568
 goal:
 object_xyz_wxyz: 8.508249 11.873934 0.923000 -0.122002 0.549557 -0.081519 -0.822470
 base_xyzyaw: 9.180000 11.980000 0.100000 3.926991
 rarm: -0.850974 0.084634 -1.385444 -1.409224 -2.363147 -1.153794 -2.215225
 larm: 0.038946 1.214670 1.396356 -1.197227 -4.616317 -0.988727 1.175568

 - test: test_33
 start:
 object_xyz_wxyz: 4.405398 6.618215 0.703000 -0.913880 -0.056151 -0.135561 0.378541
 base_xyzyaw: 3.920000 6.980000 0.180000 0.392699
 rarm: -1.292734 0.247474 -2.219987 -1.642626 3.114078 -1.525776 -0.952702
 larm: 0.038946 1.214670 1.396356 -1.197227 -4.616317 -0.988727 1.175568
 goal:
 object_xyz_wxyz: 9.090000 11.900000 0.823000 -0.913880 -0.056151 -0.135561 0.378541
 base_xyzyaw: 8.620000 12.080000 0.160000 0.000000
 rarm: -0.551439 0.798822 -1.091715 -1.769623 2.887894 -1.241115 -2.224658
 larm: 0.038946 1.214670 1.396356 -1.197227 -4.616317 -0.988727 1.175568

 - test: test_34
 start:
 object_xyz_wxyz: 1.971335 7.051924 0.483000 0.495306 -0.446238 0.330953 0.667843
 base_xyzyaw: 1.540000 6.960000 0.260000 0.785398
 rarm: -0.658539 1.120265 -1.639726 -0.739854 -2.078190 -0.517929 2.240585
 larm: 0.038946 1.214670 1.396356 -1.197227 -4.616317 -0.988727 1.175568
 goal:
 object_xyz_wxyz: 1.240000 9.890000 0.843000 0.495306 -0.446238 0.330953 0.667843
 base_xyzyaw: 1.340000 9.220000 0.280000 1.570796
 rarm: 0.423892 0.424504 0.516639 -0.213743 0.770412 -0.123503 -1.226098
 larm: 0.038946 1.214670 1.396356 -1.197227 -4.616317 -0.988727 1.175568

 - test: test_35
 start:
 object_xyz_wxyz: 8.575243 1.231455 0.703000 -0.714169 0.242772 -0.586103 -0.295818
 base_xyzyaw: 7.800000 1.300000 0.080000 0.392699
 rarm: -0.092168 0.509980 0.568384 -0.639824 2.794606 -1.483304 2.326299
 larm: 0.038946 1.214670 1.396356 -1.197227 -4.616317 -0.988727 1.175568
 goal:
 object_xyz_wxyz: 4.067848 11.413831 0.623000 -0.714169 0.242772 -0.586103 -0.295818
 base_xyzyaw: 3.340000 11.120000 0.180000 1.178097
 rarm: -0.621567 0.360846 -2.778007 -0.423975 -2.046462 -0.803083 -0.978668
 larm: 0.038946 1.214670 1.396356 -1.197227 -4.616317 -0.988727 1.175568

 - test: test_36
 start:
 object_xyz_wxyz: 1.119376 3.668909 0.503000 -0.622204 0.150807 -0.123764 -0.758157
 base_xyzyaw: 1.480000 3.280000 0.140000 2.356194
 rarm: 0.160150 0.401635 -2.805174 -0.764672 -2.357655 -1.080560 -0.529616
 larm: 0.038946 1.214670 1.396356 -1.197227 -4.616317 -0.988727 1.175568
 goal:
 object_xyz_wxyz: 3.780000 2.270000 1.043000 -0.622204 0.150807 -0.123764 -0.758157
 base_xyzyaw: 3.300000 1.860000 0.100000 1.570796
 rarm: -1.063789 0.117395 -0.957140 -1.696918 -2.719228 -1.433938 -2.286036
 larm: 0.038946 1.214670 1.396356 -1.197227 -4.616317 -0.988727 1.175568

 - test: test_37
 start:
 object_xyz_wxyz: 9.045477 3.779376 0.463000 0.894205 -0.062735 0.422927 0.132643
 base_xyzyaw: 8.600000 4.140000 0.060000 5.497787
 rarm: 0.214459 0.445623 -2.398712 -0.533234 0.015202 -0.256162 1.814452
 larm: 0.038946 1.214670 1.396356 -1.197227 -4.616317 -0.988727 1.175568
 goal:
 object_xyz_wxyz: 8.580000 10.750000 0.443000 0.894205 -0.062735 0.422927 0.132643
 base_xyzyaw: 8.920000 11.160000 0.180000 4.712389
 rarm: -0.734952 1.172959 -1.069762 -0.768503 1.378430 -0.561523 -0.787992
 larm: 0.038946 1.214670 1.396356 -1.197227 -4.616317 -0.988727 1.175568

 - test: test_38
 start:
 object_xyz_wxyz: 6.231924 5.955183 0.683000 0.317197 -0.317197 0.113495 0.886505
 base_xyzyaw: 6.140000 5.340000 0.300000 2.356194
 rarm: -1.014942 1.231612 -0.707042 -1.171767 -2.348510 -0.692826 2.372679
 larm: 0.038946 1.214670 1.396356 -1.197227 -4.616317 -0.988727 1.175568
 goal:
 object_xyz_wxyz: 8.592569 11.047174 1.023000 0.317197 -0.317197 0.113495 0.886505
 base_xyzyaw: 8.840000 11.540000 0.260000 4.319690
 rarm: -0.270366 -0.143855 -1.897048 -1.482176 -0.498195 -0.138080 2.209299
 larm: 0.038946 1.214670 1.396356 -1.197227 -4.616317 -0.988727 1.175568

 - test: test_39
 start:
 object_xyz_wxyz: 0.700000 2.330000 1.183000 -0.923453 -0.065724 -0.330417 0.183686
 base_xyzyaw: 1.120000 2.980000 0.220000 4.712389
 rarm: -0.592237 -0.052953 -0.999393 -0.824623 -1.222263 -1.477704 2.263394
 larm: 0.038946 1.214670 1.396356 -1.197227 -4.616317 -0.988727 1.175568
 goal:
 object_xyz_wxyz: 8.966066 11.111680 0.683000 -0.923453 -0.065724 -0.330417 0.183686
 base_xyzyaw: 8.860000 11.840000 0.220000 5.497787
 rarm: -0.296058 0.819959 0.270029 -0.687111 3.053722 -1.401481 1.774617
 larm: 0.038946 1.214670 1.396356 -1.197227 -4.616317 -0.988727 1.175568

 - test: test_40
 start:
 object_xyz_wxyz: 2.596718 1.350218 0.663000 0.242980 0.000000 0.000000 -0.970031
 base_xyzyaw: 2.860000 1.620000 0.140000 4.319690
 rarm: -0.747702 1.195279 -1.419678 -1.824561 1.989466 -1.469367 -1.863439
 larm: 0.038946 1.214670 1.396356 -1.197227 -4.616317 -0.988727 1.175568
 goal:
 object_xyz_wxyz: 9.455503 9.391765 0.923000 0.242980 0.000000 0.000000 -0.970031
 base_xyzyaw: 8.980000 9.080000 0.240000 1.178097
 rarm: -0.877665 0.442455 -1.462021 -1.717647 -2.527307 -1.006060 -2.441100
 larm: 0.038946 1.214670 1.396356 -1.197227 -4.616317 -0.988727 1.175568

 - test: test_41
 start:
 object_xyz_wxyz: 11.249405 4.302446 1.063000 -0.922767 -0.018777 -0.045333 0.382222
 base_xyzyaw: 10.580000 4.220000 0.100000 0.392699
 rarm: -0.027550 0.208539 -0.096896 -1.072554 2.000956 -1.458597 -2.459082
 larm: 0.038946 1.214670 1.396356 -1.197227 -4.616317 -0.988727 1.175568
 goal:
 object_xyz_wxyz: 4.090000 10.760000 0.983000 -0.922767 -0.018777 -0.045333 0.382222
 base_xyzyaw: 3.580000 11.040000 0.080000 0.000000
 rarm: -0.762699 -0.285986 -1.595749 -1.627923 -1.679489 -1.523240 -1.581039
 larm: 0.038946 1.214670 1.396356 -1.197227 -4.616317 -0.988727 1.175568

 - test: test_42
 start:
 object_xyz_wxyz: 5.860000 3.910000 0.903000 0.422927 0.132643 0.062735 -0.894205
 base_xyzyaw: 6.100000 4.440000 0.220000 4.712389
 rarm: 0.012087 0.936398 0.185209 -1.630812 2.493580 -1.066629 -2.736456
 larm: 0.038946 1.214670 1.396356 -1.197227 -4.616317 -0.988727 1.175568
 goal:
 object_xyz_wxyz: 4.173538 10.772319 1.143000 0.422927 0.132643 0.062735 -0.894205
 base_xyzyaw: 3.800000 11.360000 0.280000 5.890486
 rarm: -0.638419 0.362718 -0.688566 -1.354715 2.813422 -1.735959 -2.241117
 larm: 0.038946 1.214670 1.396356 -1.197227 -4.616317 -0.988727 1.175568

 - test: test_43
 start:
 object_xyz_wxyz: 8.258599 9.149245 0.923000 0.337497 -0.435514 0.180396 0.814789
 base_xyzyaw: 8.620000 8.480000 0.220000 2.748894
 rarm: -0.241275 0.609684 0.470914 -1.112662 2.895056 -1.419883 2.855997
 larm: 0.038946 1.214670 1.396356 -1.197227 -4.616317 -0.988727 1.175568
 goal:
 object_xyz_wxyz: 8.770000 8.540000 1.083000 0.337497 -0.435514 0.180396 0.814789
 base_xyzyaw: 9.200000 8.500000 0.260000 3.141593
 rarm: -0.145214 0.573126 -0.802807 -1.933208 -2.912202 -1.751902 -2.465488
 larm: 0.038946 1.214670 1.396356 -1.197227 -4.616317 -0.988727 1.175568

 - test: test_44
 start:
 object_xyz_wxyz: 3.685727 7.623944 0.863000 0.474969 -0.328239 0.196739 0.792438
 base_xyzyaw: 4.100000 7.460000 0.200000 1.963495
 rarm: 0.514162 0.659288 -0.992552 -1.408224 3.121385 -1.742673 -1.871318
 larm: 0.038946 1.214670 1.396356 -1.197227 -4.616317 -0.988727 1.175568
 goal:
 object_xyz_wxyz: 10.036801 11.850092 0.663000 0.474969 -0.328239 0.196739 0.792438
 base_xyzyaw: 10.360000 12.160000 0.100000 4.319690
 rarm: -0.728871 0.680368 -1.688607 -1.772061 3.090912 -1.261945 -1.832715
 larm: 0.038946 1.214670 1.396356 -1.197227 -4.616317 -0.988727 1.175568

 - test: test_45
 start:
 object_xyz_wxyz: 10.910000 5.640000 1.023000 0.901001 0.097794 0.273316 -0.322383
 base_xyzyaw: 10.360000 6.160000 0.100000 0.000000
 rarm: -0.652078 0.290048 -0.343274 -1.188038 -3.069557 -1.480505 -2.800262
 larm: 0.038946 1.214670 1.396356 -1.197227 -4.616317 -0.988727 1.175568
 goal:
 object_xyz_wxyz: 1.361000 2.843058 0.523000 0.901001 0.097794 0.273316 -0.322383
 base_xyzyaw: 1.720000 3.100000 0.060000 3.534292
 rarm: 0.278548 0.143232 -2.654510 -1.303749 -2.081658 -0.771137 -0.711293
 larm: 0.038946 1.214670 1.396356 -1.197227 -4.616317 -0.988727 1.175568

 - test: test_46
 start:
 object_xyz_wxyz: 7.187927 0.932610 1.083000 0.096956 0.146024 0.014382 -0.984413
 base_xyzyaw: 7.700000 0.820000 0.180000 3.534292
 rarm: -0.771740 0.209097 -0.996416 -1.906182 -2.749133 -1.496423 -2.239666
 larm: 0.038946 1.214670 1.396356 -1.197227 -4.616317 -0.988727 1.175568
 goal:
 object_xyz_wxyz: 9.070000 11.860000 1.383000 0.096956 0.146024 0.014382 -0.984413
 base_xyzyaw: 8.720000 12.300000 0.280000 0.000000
 rarm: -1.020177 -0.167698 -0.713033 -1.665741 -1.906499 -1.973074 -2.383632
 larm: 0.038946 1.214670 1.396356 -1.197227 -4.616317 -0.988727 1.175568

 - test: test_47
 start:
 object_xyz_wxyz: 2.044840 1.908127 1.223000 -0.143911 -0.192979 -0.028626 0.970170
 base_xyzyaw: 2.620000 1.800000 0.180000 3.534292
 rarm: -0.656115 -0.027624 -0.777023 -1.524432 -2.453890 -1.480130 -2.519832
 larm: 0.038946 1.214670 1.396356 -1.197227 -4.616317 -0.988727 1.175568
 goal:
 object_xyz_wxyz: 1.474091 4.265173 0.743000 -0.143911 -0.192979 -0.028626 0.970170
 base_xyzyaw: 1.740000 3.780000 0.160000 1.963495
 rarm: -0.073450 0.339388 -1.732713 -1.167311 -2.143039 -1.677241 -0.680866
 larm: 0.038946 1.214670 1.396356 -1.197227 -4.616317 -0.988727 1.175568

 - test: test_48
 start:
 object_xyz_wxyz: 2.010000 8.500000 1.063000 0.869873 0.128922 0.360313 -0.311246
 base_xyzyaw: 1.400000 8.860000 0.140000 0.000000
 rarm: -0.693304 -0.324746 -1.746535 -1.157952 -1.941636 -1.239067 -1.884851
 larm: 0.038946 1.214670 1.396356 -1.197227 -4.616317 -0.988727 1.175568
 goal:
 object_xyz_wxyz: 8.680000 10.810000 0.563000 0.869873 0.128922 0.360313 -0.311246
 base_xyzyaw: 8.920000 11.320000 0.160000 4.712389
 rarm: -0.554129 0.550500 -2.048928 -1.073307 -1.927652 -0.836665 -3.050252
 larm: 0.038946 1.214670 1.396356 -1.197227 -4.616317 -0.988727 1.175568

 - test: test_49
 start:
 object_xyz_wxyz: 3.575698 7.182355 0.883000 -0.768178 -0.212608 -0.318190 0.513280
 base_xyzyaw: 3.920000 7.700000 0.280000 4.319690
 rarm: -0.343357 0.278094 -1.762135 -1.139022 -1.844476 -0.503407 -3.015709
 larm: 0.038946 1.214670 1.396356 -1.197227 -4.616317 -0.988727 1.175568
 goal:
 object_xyz_wxyz: 6.980000 7.810000 0.983000 -0.768178 -0.212608 -0.318190 0.513280
 base_xyzyaw: 6.960000 7.280000 0.140000 1.570796
 rarm: -0.004026 0.517937 -0.559383 -1.581236 2.606927 -1.327044 -2.440491
 larm: 0.038946 1.214670 1.396356 -1.197227 -4.616317 -0.988727 1.175568

 - test: test_50
 start:
 object_xyz_wxyz: 7.490000 1.920000 1.223000 0.464743 0.366726 0.219807 -0.775377
 base_xyzyaw: 7.940000 2.000000 0.160000 3.141593
 rarm: 0.015144 -0.182497 -0.959855 -1.431787 -1.733933 -1.561765 -2.768816
 larm: 0.038946 1.214670 1.396356 -1.197227 -4.616317 -0.988727 1.175568
 goal:
 object_xyz_wxyz: 1.334523 4.497954 0.843000 0.464743 0.366726 0.219807 -0.775377
 base_xyzyaw: 1.780000 5.000000 0.200000 3.926991
 rarm: 0.034359 0.294872 -1.427827 -0.693629 -2.333563 -1.241171 -1.911805
 larm: 0.038946 1.214670 1.396356 -1.197227 -4.616317 -0.988727 1.175568

 - test: test_51
 start:
 object_xyz_wxyz: 8.256533 9.104228 0.983000 0.235698 -0.235698 0.059039 0.940961
 base_xyzyaw: 8.900000 9.380000 0.140000 3.926991
 rarm: 0.047618 0.408990 0.367158 -1.151333 1.941526 -1.428682 -2.476463
 larm: 0.038946 1.214670 1.396356 -1.197227 -4.616317 -0.988727 1.175568
 goal:
 object_xyz_wxyz: 8.903968 10.682942 1.203000 0.235698 -0.235698 0.059039 0.940961
 base_xyzyaw: 8.840000 11.360000 0.220000 5.105088
 rarm: -0.324920 -0.016387 -0.893162 -1.012388 -2.014374 -1.851454 -2.979438
 larm: 0.038946 1.214670 1.396356 -1.197227 -4.616317 -0.988727 1.175568

 - test: test_52
 start:
 object_xyz_wxyz: 10.621041 9.021630 0.463000 0.549009 -0.450991 0.497592 0.497592
 base_xyzyaw: 10.020000 8.760000 0.080000 0.785398
 rarm: -0.054611 0.848178 0.110203 -0.467091 3.140924 -1.120107 2.314796
 larm: 0.038946 1.214670 1.396356 -1.197227 -4.616317 -0.988727 1.175568
 goal:
 object_xyz_wxyz: 3.042565 10.895739 0.803000 0.549009 -0.450991 0.497592 0.497592
 base_xyzyaw: 3.580000 11.140000 0.140000 3.534292
 rarm: -0.133081 0.160341 -1.765164 -1.178934 -2.359375 -1.256550 -1.573692
 larm: 0.038946 1.214670 1.396356 -1.197227 -4.616317 -0.988727 1.175568

 - test: test_53
 start:
 object_xyz_wxyz: 4.417609 6.703051 0.863000 -0.478470 0.478470 -0.354858 -0.645142
 base_xyzyaw: 3.760000 6.300000 0.100000 0.785398
 rarm: -0.039094 0.258959 -0.272766 -0.471262 -2.626980 -1.601631 2.175624
 larm: 0.038946 1.214670 1.396356 -1.197227 -4.616317 -0.988727 1.175568
 goal:
 object_xyz_wxyz: 1.880000 3.270000 0.923000 -0.478470 0.478470 -0.354858 -0.645142
 base_xyzyaw: 1.720000 3.860000 0.280000 4.712389
 rarm: 0.174174 0.398592 -1.231674 -0.872307 -2.734633 -1.803923 -1.252123
 larm: 0.038946 1.214670 1.396356 -1.197227 -4.616317 -0.988727 1.175568

 - test: test_54
 start:
 object_xyz_wxyz: 8.128492 1.187904 1.203000 -0.597309 0.260419 -0.213721 -0.727823
 base_xyzyaw: 7.980000 0.700000 0.240000 0.785398
 rarm: 0.353785 0.080120 -0.849106 -1.244639 -2.295569 -1.395313 -2.769052
 larm: 0.038946 1.214670 1.396356 -1.197227 -4.616317 -0.988727 1.175568
 goal:
 object_xyz_wxyz: 9.878198 11.950086 1.243000 -0.597309 0.260419 -0.213721 -0.727823
 base_xyzyaw: 9.560000 12.240000 0.300000 5.497787
 rarm: -0.112783 0.105158 -0.976089 -1.768679 -1.856498 -1.651205 -2.697874
 larm: 0.038946 1.214670 1.396356 -1.197227 -4.616317 -0.988727 1.175568

 - test: test_55
 start:
 object_xyz_wxyz: 0.986655 5.552756 0.923000 -0.573485 0.330505 -0.271238 -0.698793
 base_xyzyaw: 1.220000 4.980000 0.220000 2.356194
 rarm: -0.460637 -0.265642 -2.340877 -1.460117 -2.014876 -0.905769 -1.241024
 larm: 0.038946 1.214670 1.396356 -1.197227 -4.616317 -0.988727 1.175568
 goal:
 object_xyz_wxyz: 7.300000 7.610000 0.963000 -0.573485 0.330505 -0.271238 -0.698793
 base_xyzyaw: 7.180000 7.200000 0.260000 1.570796
 rarm: -0.297772 0.978386 -0.762184 -2.016817 -2.951083 -1.567425 -2.785003
 larm: 0.038946 1.214670 1.396356 -1.197227 -4.616317 -0.988727 1.175568

 - test: test_56
 start:
 object_xyz_wxyz: 1.950802 2.034876 0.883000 0.841248 -0.100296 0.504224 0.167335
 base_xyzyaw: 1.340000 2.020000 0.140000 0.392699
 rarm: -0.071639 0.772440 -0.038867 -1.524663 -3.094475 -1.831466 3.127610
 larm: 0.038946 1.214670 1.396356 -1.197227 -4.616317 -0.988727 1.175568
 goal:
 object_xyz_wxyz: 10.119792 8.239964 0.783000 0.841248 -0.100296 0.504224 0.167335
 base_xyzyaw: 10.240000 8.940000 0.120000 5.497787
 rarm: -1.094502 -0.188258 -2.343831 -1.492961 0.179036 -0.775513 1.083360
 larm: 0.038946 1.214670 1.396356 -1.197227 -4.616317 -0.988727 1.175568

 - test: test_57
 start:
 object_xyz_wxyz: 1.710000 3.820000 1.123000 -0.848445 0.075435 -0.508538 -0.125855
 base_xyzyaw: 1.360000 3.460000 0.100000 0.000000
 rarm: 0.532096 -0.291559 -1.349945 -1.034928 -1.906401 -1.754182 -1.937877
 larm: 0.038946 1.214670 1.396356 -1.197227 -4.616317 -0.988727 1.175568
 goal:
 object_xyz_wxyz: 10.202589 11.658366 0.863000 -0.848445 0.075435 -0.508538 -0.125855
 base_xyzyaw: 9.880000 12.160000 0.220000 5.890486
 rarm: -0.492023 -0.328661 -2.753108 -1.657694 -3.040399 -0.916932 -0.425650
 larm: 0.038946 1.214670 1.396356 -1.197227 -4.616317 -0.988727 1.175568

 - test: test_58
 start:
 object_xyz_wxyz: 4.183961 1.572375 0.563000 0.129405 -0.466295 0.069168 0.872376
 base_xyzyaw: 4.520000 1.260000 0.200000 2.748894
 rarm: -0.528174 0.709133 -2.050018 -1.205869 -2.920544 -0.751529 -1.698284
 larm: 0.038946 1.214670 1.396356 -1.197227 -4.616317 -0.988727 1.175568
 goal:
 object_xyz_wxyz: 9.490000 11.320000 1.183000 0.129405 -0.466295 0.069168 0.872376
 base_xyzyaw: 8.840000 11.280000 0.260000 0.000000
 rarm: 0.055838 0.072890 -0.854321 -0.893087 2.815706 -1.355319 -2.093744
 larm: 0.038946 1.214670 1.396356 -1.197227 -4.616317 -0.988727 1.175568

 - test: test_59
 start:
 object_xyz_wxyz: 5.678533 5.177704 0.963000 -0.476528 -0.427461 -0.285620 0.713175
 base_xyzyaw: 6.040000 5.580000 0.220000 4.319690
 rarm: -0.526823 0.515272 -1.132906 -1.694893 -2.474940 -1.694205 -2.319894
 larm: 0.038946 1.214670 1.396356 -1.197227 -4.616317 -0.988727 1.175568
 goal:
 object_xyz_wxyz: 8.590302 9.137387 0.823000 -0.476528 -0.427461 -0.285620 0.713175
 base_xyzyaw: 9.180000 9.360000 0.100000 3.534292
 rarm: -0.107619 -0.145825 -2.159350 -1.117855 -0.293830 -0.418669 2.065886
 larm: 0.038946 1.214670 1.396356 -1.197227 -4.616317 -0.988727 1.175568

 - test: test_60
 start:
 object_xyz_wxyz: 1.696115 7.176640 0.883000 0.307374 -0.550354 0.227964 0.742067
 base_xyzyaw: 1.560000 6.460000 0.180000 1.963495
 rarm: -0.706613 -0.024767 -1.971848 -1.129942 -1.364609 -0.926835 3.129535
 larm: 0.038946 1.214670 1.396356 -1.197227 -4.616317 -0.988727 1.175568
 goal:
 object_xyz_wxyz: 9.270000 11.800000 1.103000 0.307374 -0.550354 0.227964 0.742067
 base_xyzyaw: 8.900000 12.060000 0.220000 0.000000
 rarm: -0.872621 -0.228013 -1.472946 -2.101987 -1.561253 -1.715255 -0.936606
 larm: 0.038946 1.214670 1.396356 -1.197227 -4.616317 -0.988727 1.175568

 - test: test_61
 start:
 object_xyz_wxyz: 1.211615 3.290852 0.363000 0.764644 -0.093085 0.113424 0.627527
 base_xyzyaw: 1.540000 2.960000 0.080000 2.748894
 rarm: -0.506534 1.117249 -1.341159 -0.874768 2.512073 -1.700749 -0.968676
 larm: 0.038946 1.214670 1.396356 -1.197227 -4.616317 -0.988727 1.175568
 goal:
 object_xyz_wxyz: 7.188092 6.989315 0.723000 0.764644 -0.093085 0.113424 0.627527
 base_xyzyaw: 6.780000 7.180000 0.080000 5.890486
 rarm: 0.310675 1.115586 -0.022662 -1.785452 -2.786336 -1.977875 2.382689
 larm: 0.038946 1.214670 1.396356 -1.197227 -4.616317 -0.988727 1.175568

 - test: test_62
 start:
 object_xyz_wxyz: 0.883352 2.900289 1.023000 0.466295 0.129405 0.069168 -0.872376
 base_xyzyaw: 1.480000 3.400000 0.260000 4.319690
 rarm: -0.515931 0.186555 -1.226456 -0.793890 -2.744617 -0.578452 -2.302522
 larm: 0.038946 1.214670 1.396356 -1.197227 -4.616317 -0.988727 1.175568
 goal:
 object_xyz_wxyz: 8.079595 7.245232 0.743000 0.466295 0.129405 0.069168 -0.872376
 base_xyzyaw: 8.520000 7.420000 0.080000 4.319690
 rarm: -1.006740 1.065072 -1.058829 -2.111835 -1.822099 -1.316811 2.565978
 larm: 0.038946 1.214670 1.396356 -1.197227 -4.616317 -0.988727 1.175568

 - test: test_63
 start:
 object_xyz_wxyz: 1.650000 8.080000 0.723000 -0.886505 0.113495 -0.317197 -0.317197
 base_xyzyaw: 1.340000 7.720000 0.060000 0.000000
 rarm: 0.509283 0.212991 -1.686007 -1.253323 -2.624747 -1.100363 -1.738219
 larm: 0.038946 1.214670 1.396356 -1.197227 -4.616317 -0.988727 1.175568
 goal:
 object_xyz_wxyz: 2.285198 9.655665 0.783000 -0.886505 0.113495 -0.317197 -0.317197
 base_xyzyaw: 2.420000 10.480000 0.120000 5.105088
 rarm: -0.336522 0.315626 -0.153915 -0.269268 -2.000442 -0.950504 1.889237
 larm: 0.038946 1.214670 1.396356 -1.197227 -4.616317 -0.988727 1.175568

 - test: test_64
 start:
 object_xyz_wxyz: 9.040000 9.430000 0.663000 -0.508538 -0.125855 -0.075435 0.848445
 base_xyzyaw: 8.860000 9.760000 0.080000 4.712389
 rarm: 0.309005 1.056397 -0.824567 -1.647195 2.191821 -1.824075 -1.931255
 larm: 0.038946 1.214670 1.396356 -1.197227 -4.616317 -0.988727 1.175568
 goal:
 object_xyz_wxyz: 3.300000 11.250000 0.543000 -0.508538 -0.125855 -0.075435 0.848445
 base_xyzyaw: 3.660000 11.620000 0.260000 4.712389
 rarm: -0.623665 0.573222 -2.744179 -1.016953 -3.076102 -0.695262 -0.530447
 larm: 0.038946 1.214670 1.396356 -1.197227 -4.616317 -0.988727 1.175568

 - test: test_65
 start:
 object_xyz_wxyz: 1.620000 5.350000 0.723000 0.620888 -0.377908 0.460482 0.509549
 base_xyzyaw: 1.100000 5.020000 0.280000 1.570796
 rarm: -1.330844 1.116262 -1.169970 -1.380302 -2.723842 -1.274364 3.136092
 larm: 0.038946 1.214670 1.396356 -1.197227 -4.616317 -0.988727 1.175568
 goal:
 object_xyz_wxyz: 8.604762 7.438314 0.543000 0.620888 -0.377908 0.460482 0.509549
 base_xyzyaw: 7.940000 7.140000 0.160000 1.178097
 rarm: -0.669344 0.516061 -2.258714 -0.483071 -1.278090 -0.721578 -2.547111
 larm: 0.038946 1.214670 1.396356 -1.197227 -4.616317 -0.988727 1.175568

 - test: test_66
 start:
 object_xyz_wxyz: 0.613715 3.354576 0.823000 0.653281 0.270598 0.270598 -0.653281
 base_xyzyaw: 1.000000 3.660000 0.140000 4.319690
 rarm: -0.133491 1.127878 -0.041934 -1.979541 -2.787539 -1.686822 2.837712
 larm: 0.038946 1.214670 1.396356 -1.197227 -4.616317 -0.988727 1.175568
 goal:
 object_xyz_wxyz: 6.809190 11.191280 0.923000 0.653281 0.270598 0.270598 -0.653281
 base_xyzyaw: 7.300000 11.540000 0.280000 4.319690
 rarm: -0.243745 1.018262 -0.021990 -1.615506 -2.688628 -1.279529 2.705121
 larm: 0.038946 1.214670 1.396356 -1.197227 -4.616317 -0.988727 1.175568

 - test: test_67
 start:
 object_xyz_wxyz: 8.868492 8.012685 1.023000 -0.684550 -0.256994 -0.620440 0.283550
 base_xyzyaw: 8.720000 8.840000 0.240000 5.497787
 rarm: -0.324418 0.257579 0.253891 -0.531854 2.931528 -1.740441 2.694370
 larm: 0.038946 1.214670 1.396356 -1.197227 -4.616317 -0.988727 1.175568
 goal:
 object_xyz_wxyz: 2.341165 11.320589 1.143000 -0.684550 -0.256994 -0.620440 0.283550
 base_xyzyaw: 1.520000 11.500000 0.220000 0.392699
 rarm: -0.527547 -0.130898 -1.331101 -0.395814 -1.284634 -1.596215 1.982943
 larm: 0.038946 1.214670 1.396356 -1.197227 -4.616317 -0.988727 1.175568

 - test: test_68
 start:
 object_xyz_wxyz: 1.748636 1.209315 0.823000 0.773010 0.000000 -0.000000 -0.634393
 base_xyzyaw: 1.340000 1.660000 0.220000 5.890486
 rarm: -0.049864 1.001628 0.132241 -1.447531 1.894440 -0.877981 -2.158469
 larm: 0.038946 1.214670 1.396356 -1.197227 -4.616317 -0.988727 1.175568
 goal:
 object_xyz_wxyz: 2.962732 1.704554 0.763000 0.773010 0.000000 -0.000000 -0.634393
 base_xyzyaw: 3.360000 1.540000 0.120000 2.748894
 rarm: -0.087477 0.989083 -0.818951 -1.782837 3.023620 -1.008126 -2.609622
 larm: 0.038946 1.214670 1.396356 -1.197227 -4.616317 -0.988727 1.175568

 - test: test_69
 start:
 object_xyz_wxyz: 6.820000 7.090000 0.643000 -0.194855 -0.048125 -0.009573 0.979604
 base_xyzyaw: 7.120000 7.560000 0.200000 4.712389
 rarm: -0.828405 0.789748 -1.623429 -1.283820 2.519350 -1.721937 -1.312507
 larm: 0.038946 1.214670 1.396356 -1.197227 -4.616317 -0.988727 1.175568
 goal:
 object_xyz_wxyz: 1.565650 2.634106 1.123000 -0.194855 -0.048125 -0.009573 0.979604
 base_xyzyaw: 1.700000 3.320000 0.220000 5.497787
 rarm: -1.199170 0.186968 -0.985779 -1.573837 -1.691021 -1.365527 3.021589
 larm: 0.038946 1.214670 1.396356 -1.197227 -4.616317 -0.988727 1.175568

 - test: test_70
 start:
 object_xyz_wxyz: 0.961829 3.266821 0.943000 -0.856695 0.025226 -0.042087 -0.513484
 base_xyzyaw: 1.280000 2.760000 0.260000 1.963495
 rarm: 0.391287 0.683936 -0.077021 -1.112516 1.818693 -1.412865 -2.022436
 larm: 0.038946 1.214670 1.396356 -1.197227 -4.616317 -0.988727 1.175568
 goal:
 object_xyz_wxyz: 10.670919 7.708249 1.443000 -0.856695 0.025226 -0.042087 -0.513484
 base_xyzyaw: 10.480000 8.380000 0.260000 5.497787
 rarm: -0.293883 -0.334909 -0.263125 -0.579198 3.110569 -1.237339 -2.862498
 larm: 0.038946 1.214670 1.396356 -1.197227 -4.616317 -0.988727 1.175568

 - test: test_71
 start:
 object_xyz_wxyz: 8.234350 0.984056 0.823000 0.461940 -0.461940 0.308658 0.691342
 base_xyzyaw: 8.100000 0.680000 0.180000 0.785398
 rarm: 0.303054 -0.241969 -2.472200 -1.929197 -2.327618 -0.522307 -1.590028
 larm: 0.038946 1.214670 1.396356 -1.197227 -4.616317 -0.988727 1.175568
 goal:
 object_xyz_wxyz: 3.210643 2.028427 0.363000 0.461940 -0.461940 0.308658 0.691342
 base_xyzyaw: 2.860000 1.600000 0.060000 1.178097
 rarm: 0.020473 0.559452 -3.046374 -0.556489 -0.353772 -0.390884 -2.262607
 larm: 0.038946 1.214670 1.396356 -1.197227 -4.616317 -0.988727 1.175568

 - test: test_72
 start:
 object_xyz_wxyz: 4.620000 1.090000 0.883000 -0.877675 -0.046205 -0.086443 0.469127
 base_xyzyaw: 4.940000 1.740000 0.100000 4.712389
 rarm: -0.578673 -0.093459 -1.829295 -1.070701 0.064282 -0.126895 1.691340
 larm: 0.038946 1.214670 1.396356 -1.197227 -4.616317 -0.988727 1.175568
 goal:
 object_xyz_wxyz: 4.053841 1.494116 1.343000 -0.877675 -0.046205 -0.086443 0.469127
 base_xyzyaw: 4.660000 1.860000 0.160000 4.319690
 rarm: -0.529227 -0.348651 -0.589869 -0.683460 -3.119316 -1.546253 -2.551644
 larm: 0.038946 1.214670 1.396356 -1.197227 -4.616317 -0.988727 1.175568

 - test: test_73
 start:
 object_xyz_wxyz: 1.118370 6.301041 0.943000 0.375330 -0.180240 0.074658 0.906127
 base_xyzyaw: 1.380000 5.700000 0.060000 2.356194
 rarm: -0.182583 0.427772 -0.221924 -1.335097 -2.976288 -1.273186 -3.036341
 larm: 0.038946 1.214670 1.396356 -1.197227 -4.616317 -0.988727 1.175568
 goal:
 object_xyz_wxyz: 1.651548 11.799601 0.943000 0.375330 -0.180240 0.074658 0.906127
 base_xyzyaw: 1.460000 11.060000 0.180000 1.963495
 rarm: -0.671623 -0.284154 -2.368402 -1.080336 -1.279741 -0.564084 -2.449600
 larm: 0.038946 1.214670 1.396356 -1.197227 -4.616317 -0.988727 1.175568

 - test: test_74
 start:
 object_xyz_wxyz: 4.168619 8.120438 0.883000 -0.544137 0.397407 -0.326143 -0.663033
 base_xyzyaw: 3.960000 7.460000 0.160000 1.178097
 rarm: 0.257966 -0.154517 -2.870476 -0.635236 -0.177239 -0.631638 2.907678
 larm: 0.038946 1.214670 1.396356 -1.197227 -4.616317 -0.988727 1.175568
 goal:
 object_xyz_wxyz: 4.238916 1.403184 0.703000 -0.544137 0.397407 -0.326143 -0.663033
 base_xyzyaw: 3.820000 1.620000 0.100000 5.890486
 rarm: -0.083150 -0.145594 -2.502853 -1.656256 -1.861632 -0.759131 -0.989927
 larm: 0.038946 1.214670 1.396356 -1.197227 -4.616317 -0.988727 1.175568

 - test: test_75
 start:
 object_xyz_wxyz: 1.200797 9.340036 0.763000 0.549557 -0.122002 0.081519 0.822470
 base_xyzyaw: 1.420000 8.640000 0.220000 2.356194
 rarm: -0.506616 0.511380 -1.288546 -0.735027 2.825310 -0.591500 -1.647369
 larm: 0.038946 1.214670 1.396356 -1.197227 -4.616317 -0.988727 1.175568
 goal:
 object_xyz_wxyz: 7.260000 11.550000 0.523000 0.549557 -0.122002 0.081519 0.822470
 base_xyzyaw: 7.400000 11.060000 0.140000 1.570796
 rarm: 0.325638 0.907205 -0.749692 -0.682771 -2.603014 -0.652068 3.007930
 larm: 0.038946 1.214670 1.396356 -1.197227 -4.616317 -0.988727 1.175568

 - test: test_76
 start:
 object_xyz_wxyz: 0.904011 2.783276 1.023000 -0.474969 -0.328239 -0.196739 0.792438
 base_xyzyaw: 1.000000 3.440000 0.060000 5.105088
 rarm: -0.603690 0.111079 -0.814325 -1.332076 -2.786067 -1.958659 -2.169933
 larm: 0.038946 1.214670 1.396356 -1.197227 -4.616317 -0.988727 1.175568
 goal:
 object_xyz_wxyz: 4.451019 11.369222 0.643000 -0.474969 -0.328239 -0.196739 0.792438
 base_xyzyaw: 3.720000 11.120000 0.120000 1.178097
 rarm: -0.880342 0.742630 -0.814861 -0.893925 -2.489596 -1.493541 2.074677
 larm: 0.038946 1.214670 1.396356 -1.197227 -4.616317 -0.988727 1.175568

 - test: test_77
 start:
 object_xyz_wxyz: 7.950000 0.500000 1.003000 -0.864975 -0.091965 -0.172054 0.462339
 base_xyzyaw: 7.480000 0.620000 0.120000 0.000000
 rarm: 0.003738 0.587594 -0.217042 -1.869890 2.206772 -1.959862 -2.764754
 larm: 0.038946 1.214670 1.396356 -1.197227 -4.616317 -0.988727 1.175568
 goal:
 object_xyz_wxyz: 9.359619 10.986655 1.043000 -0.864975 -0.091965 -0.172054 0.462339
 base_xyzyaw: 8.900000 11.220000 0.100000 5.497787
 rarm: 0.073179 -0.212267 -1.444343 -1.309003 -1.558377 -1.387491 -2.711581
 larm: 0.038946 1.214670 1.396356 -1.197227 -4.616317 -0.988727 1.175568

 - test: test_78
 start:
 object_xyz_wxyz: 4.320000 6.830000 0.583000 -0.426138 0.377070 -0.201548 -0.797247
 base_xyzyaw: 4.260000 6.500000 0.080000 1.570796
 rarm: -0.126835 0.166975 -2.535407 -1.864764 -3.083593 -0.939689 -1.012409
 larm: 0.038946 1.214670 1.396356 -1.197227 -4.616317 -0.988727 1.175568
 goal:
 object_xyz_wxyz: 9.020000 8.310000 0.903000 -0.426138 0.377070 -0.201548 -0.797247
 base_xyzyaw: 9.020000 8.960000 0.080000 4.712389
 rarm: -0.073988 0.190507 -1.072195 -1.013291 -2.065380 -1.484293 -3.012534
 larm: 0.038946 1.214670 1.396356 -1.197227 -4.616317 -0.988727 1.175568

 - test: test_79
 start:
 object_xyz_wxyz: 7.695528 0.848076 1.103000 0.457270 0.214289 0.114540 -0.855491
 base_xyzyaw: 8.240000 0.940000 0.200000 3.926991
 rarm: -0.587887 0.445568 -0.575732 -1.860949 -2.488439 -1.590773 -2.829477
 larm: 0.038946 1.214670 1.396356 -1.197227 -4.616317 -0.988727 1.175568
 goal:
 object_xyz_wxyz: 8.630862 9.710893 0.983000 0.457270 0.214289 0.114540 -0.855491
 base_xyzyaw: 8.940000 9.020000 0.220000 2.748894
 rarm: -0.935229 -0.089982 -1.865912 -1.195571 -1.855630 -1.144396 -1.874063
 larm: 0.038946 1.214670 1.396356 -1.197227 -4.616317 -0.988727 1.175568

 - test: test_80
 start:
 object_xyz_wxyz: 4.939679 0.985107 0.863000 -0.531648 -0.241363 -0.161274 0.795667
 base_xyzyaw: 5.440000 1.200000 0.080000 4.319690
 rarm: -1.037749 -0.249795 -1.882965 -1.970648 -2.557562 -0.790239 -1.605658
 larm: 0.038946 1.214670 1.396356 -1.197227 -4.616317 -0.988727 1.175568
 goal:
 object_xyz_wxyz: 8.891924 12.550330 0.783000 -0.531648 -0.241363 -0.161274 0.795667
 base_xyzyaw: 8.800000 12.020000 0.220000 2.356194
 rarm: -1.238647 0.256721 -2.145624 -1.860907 0.490169 -0.301600 0.571908
 larm: 0.038946 1.214670 1.396356 -1.197227 -4.616317 -0.988727 1.175568

 - test: test_81
 start:
 object_xyz_wxyz: 6.447180 5.412659 0.823000 -0.248985 0.491966 -0.149236 -0.820795
 base_xyzyaw: 6.280000 4.800000 0.160000 1.178097
 rarm: 0.169197 -0.106137 -2.509584 -0.909559 -0.308283 -0.608349 2.186307
 larm: 0.038946 1.214670 1.396356 -1.197227 -4.616317 -0.988727 1.175568
 goal:
 object_xyz_wxyz: 9.336264 11.924137 1.123000 -0.248985 0.491966 -0.149236 -0.820795
 base_xyzyaw: 8.740000 12.240000 0.240000 0.392699
 rarm: -0.361575 0.483075 0.455229 -1.646017 2.871942 -1.545424 2.833043
 larm: 0.038946 1.214670 1.396356 -1.197227 -4.616317 -0.988727 1.175568

 - test: test_82
 start:
 object_xyz_wxyz: 8.285298 0.854175 0.923000 0.606506 0.363526 0.363526 -0.606506
 base_xyzyaw: 7.760000 1.180000 0.280000 5.890486
 rarm: -0.316474 0.173033 -1.813479 -1.187929 -2.069214 -1.541346 -0.991544
 larm: 0.038946 1.214670 1.396356 -1.197227 -4.616317 -0.988727 1.175568
 goal:
 object_xyz_wxyz: 10.243640 8.198959 0.403000 0.606506 0.363526 0.363526 -0.606506
 base_xyzyaw: 10.180000 8.800000 0.100000 5.497787
 rarm: -0.564918 0.586063 -2.547672 -0.703544 -1.595325 -0.412527 -1.965516
 larm: 0.038946 1.214670 1.396356 -1.197227 -4.616317 -0.988727 1.175568

 - test: test_83
 start:
 object_xyz_wxyz: 7.830000 1.800000 0.763000 -0.478470 -0.478470 -0.354858 0.645142
 base_xyzyaw: 8.300000 2.080000 0.120000 3.141593
 rarm: 0.413319 0.569390 -0.914012 -1.043840 -2.369972 -1.451793 3.047896
 larm: 0.038946 1.214670 1.396356 -1.197227 -4.616317 -0.988727 1.175568
 goal:
 object_xyz_wxyz: 8.539376 11.687660 0.703000 -0.478470 -0.478470 -0.354858 0.645142
 base_xyzyaw: 8.900000 12.020000 0.160000 3.926991
 rarm: -0.156152 0.147814 -2.238743 -1.442240 -2.034681 -0.812886 -1.720092
 larm: 0.038946 1.214670 1.396356 -1.197227 -4.616317 -0.988727 1.175568

 - test: test_84
 start:
 object_xyz_wxyz: 3.418198 6.554106 0.963000 0.782865 0.187166 0.523094 -0.280114
 base_xyzyaw: 3.100000 7.240000 0.200000 5.497787
 rarm: -0.248566 0.364678 -0.538844 -0.791509 -2.629788 -1.504060 -3.095268
 larm: 0.038946 1.214670 1.396356 -1.197227 -4.616317 -0.988727 1.175568
 goal:
 object_xyz_wxyz: 9.241041 11.985650 0.463000 0.782865 0.187166 0.523094 -0.280114
 base_xyzyaw: 8.640000 12.120000 0.100000 0.785398
 rarm: -1.200894 0.585261 -2.212710 -1.146163 2.990122 -0.740106 -1.147958
 larm: 0.038946 1.214670 1.396356 -1.197227 -4.616317 -0.988727 1.175568

 - test: test_85
 start:
 object_xyz_wxyz: 8.865459 11.430759 0.943000 0.270592 -0.560877 0.200685 0.756255
 base_xyzyaw: 8.860000 10.660000 0.240000 1.963495
 rarm: -0.323681 0.390410 -0.711429 -0.703257 -2.376619 -1.459470 2.772060
 larm: 0.038946 1.214670 1.396356 -1.197227 -4.616317 -0.988727 1.175568
 goal:
 object_xyz_wxyz: 7.245208 11.209073 0.763000 0.270592 -0.560877 0.200685 0.756255
 base_xyzyaw: 7.320000 11.860000 0.160000 4.319690
 rarm: 0.406856 0.466642 -0.510892 -0.454237 -1.017479 -0.557731 1.452541
 larm: 0.038946 1.214670 1.396356 -1.197227 -4.616317 -0.988727 1.175568

 - test: test_86
 start:
 object_xyz_wxyz: 1.711957 1.664966 0.803000 0.697638 0.226241 0.249619 -0.632302
 base_xyzyaw: 1.880000 2.200000 0.300000 5.105088
 rarm: 0.029152 1.251491 0.617748 -1.563061 -3.036609 -0.983978 2.770232
 larm: 0.038946 1.214670 1.396356 -1.197227 -4.616317 -0.988727 1.175568
 goal:
 object_xyz_wxyz: 8.966286 10.835120 0.663000 0.697638 0.226241 0.249619 -0.632302
 base_xyzyaw: 8.840000 11.140000 0.160000 5.105088
 rarm: -0.383831 0.973737 -1.628195 -1.725961 2.294787 -1.333829 -1.694071
 larm: 0.038946 1.214670 1.396356 -1.197227 -4.616317 -0.988727 1.175568

 - test: test_87
 start:
 object_xyz_wxyz: 5.068092 2.410141 0.763000 -0.806552 0.134993 -0.202031 -0.538920
 base_xyzyaw: 4.400000 2.220000 0.240000 0.392699
 rarm: -0.005835 0.489285 -1.127371 -0.397763 -1.140480 -0.433501 1.961790
 larm: 0.038946 1.214670 1.396356 -1.197227 -4.616317 -0.988727 1.175568
 goal:
 object_xyz_wxyz: 8.215183 7.457782 1.063000 -0.806552 0.134993 -0.202031 -0.538920
 base_xyzyaw: 7.600000 7.380000 0.160000 0.785398
 rarm: -0.922813 -0.098709 -1.375753 -1.611228 -1.744269 -1.870508 -1.225757
 larm: 0.038946 1.214670 1.396356 -1.197227 -4.616317 -0.988727 1.175568

 - test: test_88
 start:
 object_xyz_wxyz: 3.110000 7.760000 0.763000 0.577847 -0.195164 0.144743 0.779136
 base_xyzyaw: 3.460000 7.240000 0.100000 3.141593
 rarm: -1.259458 -0.015677 -2.050810 -1.770451 -2.688862 -1.537489 -1.048171
 larm: 0.038946 1.214670 1.396356 -1.197227 -4.616317 -0.988727 1.175568
 goal:
 object_xyz_wxyz: 4.090000 2.360000 0.643000 0.577847 -0.195164 0.144743 0.779136
 base_xyzyaw: 4.520000 2.040000 0.080000 3.141593
 rarm: -0.820649 0.168805 -2.179894 -1.697218 -2.851828 -0.732181 -1.544511
 larm: 0.038946 1.214670 1.396356 -1.197227 -4.616317 -0.988727 1.175568

 - test: test_89
 start:
 object_xyz_wxyz: 3.880000 1.190000 0.923000 0.633629 0.037930 0.031128 -0.772079
 base_xyzyaw: 4.060000 1.860000 0.120000 4.712389
 rarm: -0.324354 0.250539 -1.025591 -1.042508 3.059221 -0.856442 -2.090126
 larm: 0.038946 1.214670 1.396356 -1.197227 -4.616317 -0.988727 1.175568
 goal:
 object_xyz_wxyz: 6.673431 11.282205 1.223000 0.633629 0.037930 0.031128 -0.772079
 base_xyzyaw: 7.360000 11.480000 0.160000 3.534292
 rarm: 0.103012 -0.280908 -0.423906 -0.223591 -2.686285 -1.268514 -3.132469
 larm: 0.038946 1.214670 1.396356 -1.197227 -4.616317 -0.988727 1.175568

 - test: test_90
 start:
 object_xyz_wxyz: 9.899792 9.405894 0.843000 0.233159 -0.570049 0.172922 0.768622
 base_xyzyaw: 10.020000 8.720000 0.300000 2.356194
 rarm: -0.770966 0.501284 -1.540019 -1.060546 -2.073870 -1.066478 -2.990578
 larm: 0.038946 1.214670 1.396356 -1.197227 -4.616317 -0.988727 1.175568
 goal:
 object_xyz_wxyz: 2.294960 9.989324 1.003000 0.233159 -0.570049 0.172922 0.768622
 base_xyzyaw: 2.340000 10.560000 0.160000 5.105088
 rarm: -0.467593 0.536731 -0.634826 -1.723748 -2.820599 -0.953877 -2.776076
 larm: 0.038946 1.214670 1.396356 -1.197227 -4.616317 -0.988727 1.175568

 - test: test_91
 start:
 object_xyz_wxyz: 10.183223 7.845233 0.843000 -0.549009 -0.450991 -0.497592 0.497592
 base_xyzyaw: 10.360000 8.220000 0.140000 3.926991
 rarm: 0.092964 -0.108577 -2.024538 -1.709742 -1.605753 -1.046995 -2.218461
 larm: 0.038946 1.214670 1.396356 -1.197227 -4.616317 -0.988727 1.175568
 goal:
 object_xyz_wxyz: 1.945822 1.774939 0.843000 -0.549009 -0.450991 -0.497592 0.497592
 base_xyzyaw: 2.660000 1.980000 0.200000 3.926991
 rarm: -0.324508 0.663758 -0.231800 -0.954276 2.307407 -0.665901 -2.169217
 larm: 0.038946 1.214670 1.396356 -1.197227 -4.616317 -0.988727 1.175568

 - test: test_92
 start:
 object_xyz_wxyz: 5.673345 1.394106 0.903000 0.919431 0.037510 0.090556 -0.380841
 base_xyzyaw: 5.440000 2.080000 0.260000 5.497787
 rarm: -0.391143 -0.112954 -2.572295 -0.991917 2.833993 -0.538840 -0.357567
 larm: 0.038946 1.214670 1.396356 -1.197227 -4.616317 -0.988727 1.175568
 goal:
 object_xyz_wxyz: 3.028703 1.179688 1.083000 0.919431 0.037510 0.090556 -0.380841
 base_xyzyaw: 2.880000 1.800000 0.220000 5.105088
 rarm: 0.243591 0.422000 0.262309 -1.235610 2.809641 -1.655212 3.136632
 larm: 0.038946 1.214670 1.396356 -1.197227 -4.616317 -0.988727 1.175568

 - test: test_93
 start:
 object_xyz_wxyz: 3.159792 6.376533 1.403000 -0.931353 -0.049432 -0.138153 0.333244
 base_xyzyaw: 3.280000 7.020000 0.200000 5.497787
 rarm: -0.452409 -0.283116 0.467404 -1.166832 -2.906181 -1.925506 2.664558
 larm: 0.038946 1.214670 1.396356 -1.197227 -4.616317 -0.988727 1.175568
 goal:
 object_xyz_wxyz: 9.575586 11.748361 1.303000 -0.931353 -0.049432 -0.138153 0.333244
 base_xyzyaw: 9.160000 12.020000 0.160000 5.105088
 rarm: 0.511109 -0.312243 -0.850669 -0.862000 -2.143196 -1.910579 -2.607132
 larm: 0.038946 1.214670 1.396356 -1.197227 -4.616317 -0.988727 1.175568

 - test: test_94
 start:
 object_xyz_wxyz: 8.272617 1.092611 0.523000 0.697638 -0.226241 0.632302 0.249619
 base_xyzyaw: 7.760000 1.240000 0.080000 5.890486
 rarm: 0.389771 0.175347 -3.107192 -0.955064 0.081430 -0.366079 2.369203
 larm: 0.038946 1.214670 1.396356 -1.197227 -4.616317 -0.988727 1.175568
 goal:
 object_xyz_wxyz: 2.267924 3.949566 0.643000 0.697638 -0.226241 0.632302 0.249619
 base_xyzyaw: 1.740000 4.060000 0.220000 5.890486
 rarm: 0.146771 0.494282 -1.992596 -0.752118 -2.976444 -1.026141 -1.090675
 larm: 0.038946 1.214670 1.396356 -1.197227 -4.616317 -0.988727 1.175568

 - test: test_95
 start:
 object_xyz_wxyz: 2.350000 6.300000 0.803000 0.669812 -0.287128 0.607082 0.316797
 base_xyzyaw: 1.920000 6.700000 0.120000 0.000000
 rarm: -1.023009 0.629870 -1.254490 -1.764727 -2.138399 -1.847216 2.791454
 larm: 0.038946 1.214670 1.396356 -1.197227 -4.616317 -0.988727 1.175568
 goal:
 object_xyz_wxyz: 1.085343 4.148335 1.003000 0.669812 -0.287128 0.607082 0.316797
 base_xyzyaw: 1.760000 3.800000 0.080000 3.534292
 rarm: -0.749684 0.331414 -0.266896 -1.277859 2.988844 -1.497040 -2.753233
 larm: 0.038946 1.214670 1.396356 -1.197227 -4.616317 -0.988727 1.175568

 - test: test_96
 start:
 object_xyz_wxyz: 2.725894 6.600208 0.863000 -0.441384 0.539401 -0.400047 -0.595138
 base_xyzyaw: 2.040000 6.480000 0.200000 0.785398
 rarm: -0.806834 0.182152 -1.736587 -1.256028 -1.637894 -1.278281 2.524873
 larm: 0.038946 1.214670 1.396356 -1.197227 -4.616317 -0.988727 1.175568
 goal:
 object_xyz_wxyz: 9.111255 12.279434 0.643000 -0.441384 0.539401 -0.400047 -0.595138
 base_xyzyaw: 8.840000 11.680000 0.280000 1.963495
 rarm: -0.550224 1.138886 -0.049959 -0.897927 1.511914 -0.367301 -1.408340
 larm: 0.038946 1.214670 1.396356 -1.197227 -4.616317 -0.988727 1.175568

 - test: test_97
 start:
 object_xyz_wxyz: 1.875336 10.691472 0.503000 -0.968863 0.011922 -0.242688 -0.047597
 base_xyzyaw: 1.540000 10.300000 0.140000 1.178097
 rarm: -0.398323 1.086916 -1.041073 -1.014646 2.470995 -1.422939 -1.341552
 larm: 0.038946 1.214670 1.396356 -1.197227 -4.616317 -0.988727 1.175568
 goal:
 object_xyz_wxyz: 2.207723 10.813747 1.083000 -0.968863 0.011922 -0.242688 -0.047597
 base_xyzyaw: 1.520000 10.460000 0.220000 1.178097
 rarm: -0.812106 0.122171 -1.095350 -1.066175 -1.975814 -1.726311 -2.894105
 larm: 0.038946 1.214670 1.396356 -1.197227 -4.616317 -0.988727 1.175568

 - test: test_98
 start:
 object_xyz_wxyz: 6.816373 5.548212 1.203000 0.941544 -0.000000 0.336890 -0.000000
 base_xyzyaw: 6.200000 6.020000 0.260000 5.890486
 rarm: -0.056649 -0.312922 -2.756117 -0.279651 0.004993 -0.805061 2.653655
 larm: 0.038946 1.214670 1.396356 -1.197227 -4.616317 -0.988727 1.175568
 goal:
 object_xyz_wxyz: 8.783183 5.721628 0.843000 0.941544 -0.000000 0.336890 -0.000000
 base_xyzyaw: 8.740000 6.140000 0.160000 4.319690
 rarm: 0.163789 0.471176 -1.368397 -1.598939 2.996432 -1.441208 -1.814890
 larm: 0.038946 1.214670 1.396356 -1.197227 -4.616317 -0.988727 1.175568

 - test: test_99
 start:
 object_xyz_wxyz: 3.121592 7.082923 0.743000 0.830368 -0.158809 0.443841 0.297110
 base_xyzyaw: 2.460000 6.740000 0.280000 1.178097
 rarm: -0.514123 0.831158 -0.245858 -0.705289 -3.076205 -0.849484 -2.960826
 larm: 0.038946 1.214670 1.396356 -1.197227 -4.616317 -0.988727 1.175568
 goal:
 object_xyz_wxyz: 8.210000 11.960000 0.883000 0.830368 -0.158809 0.443841 0.297110
 base_xyzyaw: 8.700000 11.960000 0.260000 3.141593
 rarm: 0.199020 -0.303958 -2.897574 -1.598054 2.272010 -0.914375 0.063361
 larm: 0.038946 1.214670 1.396356 -1.197227 -4.616317 -0.988727 1.175568

